3445,0.00,0.00,0.00,0.00,0.00,0.00,0.00,-1.04,192,127,0,0,0,6294.73,454.96,7654.25
3655,-0.43,1.44,3.65,0.08,0.05,9.84,0.00,-0.61,192,124,-14,-32,19,6292.43,601.42,7611.20
3820,-0.43,1.44,3.65,0.08,0.05,9.84,-0.27,0.12,222,52,-14,-32,19,6294.56,475.65,7715.19
4033,-0.52,1.51,8.79,-0.09,0.08,9.59,0.81,0.09,222,54,-12,-22,11,6275.25,715.26,7686.68
4198,-179.78,-2.68,-158.07,-0.24,-9.98,-0.25,10.01,0.02,222,62,78,17766,-17,5718.45,465.13,9218.94
4369,-179.78,-2.68,-158.07,-0.24,-9.98,-0.25,56.54,0.02,222,62,78,17766,-17,5677.66,1102.18,8128.65
4586,0.38,1.70,23.28,-0.16,0.88,9.64,114.16,-0.02,222,65,-12,-20,8,5714.54,1070.35,8117.97
4754,0.38,1.70,23.28,-0.16,0.88,9.64,200.19,-0.02,222,65,-12,-20,8,5731.85,1093.44,8022.37
4968,0.86,1.90,26.58,-0.01,0.47,9.80,278.64,-0.02,222,65,-12,-31,12,5727.48,1269.91,8144.44
5137,-179.67,-3.29,-143.10,-9.99,3.92,0.08,362.23,-0.02,222,65,18351,-263,-12221,5714.15,1358.42,7949.86
5313,-179.67,-3.29,-143.10,-9.99,3.92,0.08,474.50,-0.02,222,65,18351,-263,-12221,5717.53,1444.46,7735.03
5534,0.75,1.73,37.72,0.09,0.01,9.66,567.83,-0.04,222,68,-26,-38,2,5708.14,1408.99,7808.56
5703,0.75,1.73,37.72,0.09,0.01,9.66,684.16,-0.03,222,66,-26,-38,2,5714.11,1340.88,7809.32
5920,0.41,1.69,40.35,0.09,0.07,9.40,776.68,-0.02,222,66,-14,-20,4,5739.47,1223.75,7621.22
6089,0.41,1.69,40.35,0.09,0.07,9.40,895.17,-0.03,222,66,-14,-20,4,5712.05,1502.86,7915.00
6306,0.52,1.75,42.18,-0.11,-0.03,10.18,989.04,-0.03,222,66,-11,-26,6,5681.01,1583.81,7774.41
6476,0.52,1.75,42.18,-0.11,-0.03,10.18,1110.51,-0.01,222,64,-11,-26,6,5699.57,1631.46,7752.18
6694,0.17,1.80,43.49,0.24,0.18,9.72,1207.90,-0.04,222,67,-13,-38,3,5702.98,1321.39,7790.67
6865,0.17,1.80,43.49,0.24,0.18,9.72,1330.45,-0.03,222,66,-13,-38,3,5684.92,1454.50,7728.52
7083,-0.07,2.02,44.27,-0.05,0.23,9.48,1427.02,-0.03,222,67,-13,-45,8,5662.39,1591.31,7792.97
7252,-0.07,2.02,44.27,-0.05,0.23,9.48,1548.22,-0.02,222,65,-13,-45,8,5666.86,1656.53,7836.46
7465,-0.25,2.08,45.15,0.43,0.08,9.82,1645.61,-0.02,222,65,-15,-54,4,5645.71,1684.69,7649.95
7638,-0.25,2.08,45.15,0.43,0.08,9.82,1770.86,-0.04,222,67,-15,-54,4,5692.08,1419.58,7885.63
7855,-0.46,2.15,46.45,0.13,0.02,9.66,1870.42,-0.03,222,66,-15,-16,8,5665.18,1583.45,7861.17
8024,-0.46,2.15,46.45,0.13,0.02,9.66,1997.02,-0.03,222,67,-15,-16,8,5658.25,1741.05,7689.81
8241,-0.58,1.99,47.61,-0.09,-0.21,10.34,2096.04,-0.02,222,127,-20,-41,-7,5665.57,1804.03,7827.41
8413,-0.58,1.99,47.61,-0.09,-0.21,10.34,2220.75,0.70,222,98,-20,-41,-7,5183.23,3354.70,7541.82
8633,-0.74,2.14,48.39,-1.01,-0.81,9.79,2324.90,1.08,222,60,-7,-1,24,5418.47,2132.99,7405.53
8805,-0.74,2.14,48.39,-1.01,-0.81,9.79,2462.33,1.15,222,54,-7,-1,24,5452.33,770.84,7683.75
9021,-2.63,2.32,38.86,0.56,-0.50,10.10,2567.29,1.10,222,58,-19,-58,852,5374.56,1261.79,7723.19
9196,-2.63,2.32,38.86,0.56,-0.50,10.10,2700.39,1.06,222,62,-19,-58,852,5381.53,1061.61,7697.75
9417,-2.00,1.70,22.67,0.24,0.41,9.73,2804.27,1.06,222,62,-10,-25,802,5474.27,435.60,7857.99
9588,-2.00,1.70,22.67,0.24,0.41,9.73,2932.77,1.06,222,62,-10,-25,802,5465.37,745.96,7895.26
9805,-1.83,1.15,7.40,0.11,0.11,9.76,3035.03,1.06,192,62,-15,-28,762,5479.89,869.81,7806.71
9977,-1.83,1.15,7.40,0.11,0.11,9.76,3164.34,1.05,192,63,-15,-28,762,5487.64,926.59,7912.07
10194,-1.56,0.47,-7.51,0.13,0.18,9.75,3262.54,1.07,192,61,-26,-25,771,5445.70,1257.66,7789.39
10370,-1.56,0.47,-7.51,0.13,0.18,9.75,3387.53,1.07,192,61,-26,-25,771,5475.13,1078.04,7856.84
10587,-1.54,0.20,-21.90,0.38,0.28,10.48,3483.29,1.06,192,62,-30,-38,764,5482.78,1083.63,7679.32
10761,-1.54,0.20,-21.90,0.38,0.28,10.48,3552.01,1.10,192,59,-30,-38,764,6821.90,-88.61,4397.30
10977,-1.44,-0.11,-35.81,0.11,0.39,10.01,3559.31,1.09,192,59,-12,18,639,6228.02,1078.99,7444.02
11146,-1.44,-0.11,-35.81,0.11,0.39,10.01,3555.25,1.09,192,59,-12,18,639,6123.72,785.98,7728.58
11363,-2.12,-0.70,-37.98,0.15,0.33,9.81,3554.98,1.09,192,59,-15,-24,-8,6127.46,719.29,7752.79
11531,-2.12,-0.70,-37.98,0.15,0.33,9.81,3554.98,1.08,192,61,-15,-24,-8,6112.32,874.06,7772.37
11744,-1.85,-0.09,-36.77,0.14,-0.04,9.87,3554.98,1.10,192,58,-15,-36,23,6109.23,842.69,7724.85
11914,-1.85,-0.09,-36.77,0.14,-0.04,9.87,3554.98,1.10,192,59,-15,-36,23,6112.62,815.63,7722.72
12131,-1.79,0.79,-35.78,0.10,0.01,9.79,3554.98,1.09,192,59,-15,-28,18,6115.21,788.80,7751.70
12299,-1.79,0.79,-35.78,0.10,0.01,9.79,3554.98,1.09,192,59,-15,-28,18,6115.41,808.61,7732.70
12512,-1.67,1.01,-35.34,0.06,-0.01,9.87,3554.98,1.10,192,58,-14,-34,18,6119.32,857.17,7734.45
12681,-1.67,1.01,-35.34,0.06,-0.01,9.87,3554.98,1.09,192,60,-14,-34,18,6103.65,850.58,7731.58
12898,-1.57,1.20,-34.80,0.11,0.00,9.87,3554.98,1.09,192,59,-14,-33,17,6115.31,826.54,7740.67
13067,-1.57,1.20,-34.80,0.11,0.00,9.87,3554.98,1.09,192,59,-14,-33,17,6106.61,815.70,7735.09
13280,-1.50,1.34,-34.57,0.06,-0.03,9.85,3554.98,1.10,192,58,-14,-32,17,6102.04,817.06,7750.36
13449,-1.50,1.34,-34.57,0.06,-0.03,9.85,3554.98,1.09,192,59,-14,-32,17,6119.15,836.61,7738.85
13666,-1.46,1.44,-33.94,0.09,-0.03,9.86,3554.98,1.09,192,59,-15,-33,18,6116.69,846.65,7732.28
13835,-1.46,1.44,-33.94,0.09,-0.03,9.86,3554.98,1.10,192,58,-15,-33,18,6099.91,834.70,7738.82
14048,-1.43,1.53,-33.47,0.09,-0.04,9.85,3554.98,1.09,192,59,-15,-31,19,6125.36,812.64,7743.48
14217,-1.43,1.53,-33.47,0.09,-0.04,9.85,3554.98,1.09,192,60,-15,-31,19,6111.40,811.93,7738.31
14434,-1.40,1.59,-33.11,0.08,-0.05,9.87,3554.98,1.08,192,60,-14,-31,19,6109.27,826.97,7734.80
14603,-1.40,1.59,-33.11,0.08,-0.05,9.87,3554.98,1.09,192,59,-14,-31,19,6113.67,842.20,7751.42
14816,-1.37,1.64,-32.41,0.10,-0.03,9.85,3554.98,1.10,192,59,-15,-32,18,6116.03,828.56,7741.28
14985,-1.37,1.64,-32.41,0.10,-0.03,9.85,3554.98,1.10,192,59,-15,-32,18,6115.18,831.68,7728.90
15202,-1.36,1.68,-32.72,0.11,-0.03,9.87,3554.98,1.10,192,58,-15,-31,18,6116.56,814.69,7736.6