3445,0.00,0.00,0.00,0.00,0.00,0.00,0.00,1.25,192,1,0,0,0,6581.34,720.10,7672.46
3653,-0.40,1.56,3.12,0.07,0.07,9.86,-0.54,0.79,192,1,-15,-34,17,6570.24,797.18,7580.56
3817,-0.40,1.56,3.12,0.07,0.07,9.86,-1.08,0.00,255,63,-15,-34,17,6586.89,629.90,7631.61
4027,-0.53,1.65,7.94,0.01,0.15,9.77,-1.08,-0.05,255,69,-10,-8,11,6603.34,581.73,7747.21
4192,-0.53,1.65,7.94,0.01,0.15,9.77,57.35,-0.03,255,66,-10,-8,11,6160.04,-198.69,8116.92
4405,-0.54,1.69,12.35,1.03,1.66,6.28,160.15,-0.06,255,70,15,-41,-45,6185.03,-175.66,8285.92
4576,179.74,-3.07,-150.58,-9.99,5.90,0.08,297.31,-0.08,255,71,-24509,-208,26186,6161.98,232.99,8353.33
4755,179.74,-3.07,-150.58,-9.99,5.90,0.08,508.59,-0.06,255,70,-24509,-208,26186,6228.02,150.94,8101.74
4976,2.00,1.87,25.44,0.12,0.82,9.34,696.88,-0.06,255,70,-26,-43,14,6145.69,1616.25,8453.72
5150,2.00,1.87,25.44,0.12,0.82,9.34,945.22,-0.10,255,73,-26,-43,14,6202.64,1137.84,8248.10
5371,2.00,1.87,25.44,0.12,0.82,9.34,1137.83,-0.05,255,68,-26,-43,14,6158.79,1268.32,7722.27
5537,2.00,1.87,25.44,0.12,0.82,9.34,1399.97,-0.06,255,69,-26,-43,14,6190.65,1334.64,7656.39
5754,1.48,2.16,26.37,-0.01,0.24,9.39,1614.50,-0.05,255,68,-16,-64,100,6186.84,1568.86,7903.20
5928,1.48,2.16,26.37,-0.01,0.24,9.39,1888.27,-0.05,255,68,-16,-64,100,6258.27,747.91,8035.79
6149,0.94,2.16,26.90,-0.87,0.31,9.60,2108.75,-0.03,255,127,-18,43,119,6215.54,1690.28,7748.77
6327,179.71,-7.85,-133.45,-9.97,-17.72,0.06,2333.83,0.51,255,117,8672,-281,1154,6165.30,2999.39,7528.77
6509,179.71,-7.85,-133.45,-9.97,-17.72,0.06,2635.46,1.24,255,44,8672,-281,1154,6918.49,333.32,6082.33
6734,-0.93,3.11,29.09,-0.73,-2.86,10.11,2907.34,1.21,255,47,-15,-15,1165,6884.86,30.34,8013.57
6912,-0.93,3.11,29.09,-0.73,-2.86,10.11,3177.60,0.99,192,90,-15,-15,1165,6808.73,-182.25,8456.30
7134,-3.64,0.04,-10.77,0.90,3.17,10.98,3393.75,1.04,192,85,66,291,1907,8817.14,-53.30,-2050.88
7310,-3.64,0.04,-10.77,0.90,3.17,10.98,3702.69,1.17,192,72,66,291,1907,5892.74,55.12,-1789.34
7534,2.56,-16.28,-30.77,3.41,-0.44,7.42,3757.07,1.32,192,58,-83,337,67,5829.39,46.71,5735.52
7702,2.56,-16.28,-30.77,3.41,-0.44,7.42,3737.05,1.32,192,58,-83,337,67,1263.59,6256.94,5424.80
7917,1.04,-8.50,-29.96,-2.33,1.98,4.25,3735.69,1.31,192,58,-338,-614,-199,452.59,8313.38,8448.30
8087,1.04,-8.50,-29.96,-2.33,1.98,4.25,3748.95,1.30,192,59,-338,-614,-199,6348.19,47.00,7680.85
8303,-1.19,0.09,-28.26,0.33,-4.03,10.23,3750.84,1.30,192,59,136,381,38,7832.44,-16.66,7576.92
8471,-1.19,0.09,-28.26,0.33,-4.03,10.23,3749.76,1.23,192,67,136,381,38,6295.19,-37.94,8575.05
8688,3.19,-8.42,-27.60,3.39,0.60,8.43,3746.24,1.23,192,66,-45,-95,-52,7069.20,-40.99,7639.17
8856,3.19,-8.42,-27.60,3.39,0.60,8.43,3745.43,1.23,192,66,-45,-95,-52,7398.64,-60.41,7856.04
9074,1.92,-5.45,-26.70,1.21,-0.03,10.17,3745.16,1.23,192,66,-11,-30,11,7358.44,-44.76,7782.60
9243,1.92,-5.45,-26.70,1.21,-0.03,10.17,3745.16,1.23,192,66,-11,-30,11,6586.03,-9.71,7441.66
9460,2.59,-6.53,-25.74,2.91,1.47,8.74,3744.08,1.22,192,67,16,9,-44,7092.39,-9.26,6486.73
9627,2.59,-6.53,-25.74,2.91,1.47,8.74,3744.08,1.23,192,66,16,9,-44,7354.76,-17.73,6971.50
9836,2.53,-6.20,-24.75,1.68,0.36,9.87,3744.08,1.22,192,67,-33,-46,50,7326.52,-6.07,7053.86
10006,2.53,-6.20,-24.75,1.68,0.36,9.87,3744.08,1.23,192,66,-33,-46,50,7338.08,-17.57,6915.79
10216,2.63,-6.03,-23.97,1.59,0.54,9.69,3744.08,1.22,192,67,-16,-34,13,7351.12,-15.79,6847.52
10385,2.63,-6.03,-23.97,1.59,0.54,9.69,3744.08,1.22,192,67,-16,-34,13,7341.66,-3.74,6850.00
10598,2.68,-5.97,-22.93,1.50,0.58,9.71,3744.08,1.23,192,66,-14,-31,18,7333.54,-12.60,6829.09
10767,2.68,-5.97,-22.93,1.50,0.58,9.71,3744.08,1.23,192,66,-14,-31,18,7347.80,-7.76,6788.65
10984,2.71,-5.92,-22.35,1.48,0.64,9.75,3744.08,1.23,192,66,-13,-33,19,7332.76,-21.70,6782.08
11153,2.71,-5.92,-22.35,1.48,0.64,9.75,3744.08,1.22,192,67,-13,-33,19,7363.96,-16.14,6757.18
11370,2.75,-5.88,-22.06,1.45,0.67,9.74,3744.08,1.23,192,66,-14,-34,19,7340.90,-11.73,6768.79
11539,2.75,-5.88,-22.06,1.45,0.67,9.74,3744.08,1.22,192,67,-14,-34,19,7328.95,-19.03,6750.61
11756,2.77,-5.85,-21.31,1.41,0.70,9.71,3744.08,1.22,192,67,-14,-33,19,7337.75,-10.56,6770.57
11925,2.77,-5.85,-21.31,1.41,0.70,9.71,3744.08,1.22,192,67,-14,-33,19,7340.61,-15.14,6791.97
12138,2.79,-5.83,-20.92,1.42,0.69,9.74,3744.08,1.24,192,65,-14,-32,18,7355.38,-16.47,6742.80
12307,2.79,-5.83,-20.92,1.42,0.69,9.74,3744.08,1.22,192,67,-14,-32,18,7336.60,-18.58,6792.25
12524,2.80,-5.82,-20.17,1.42,0.67,9.72,3744.08,1.24,192,65,-15,-33,18,7337.16,-22.57,6771.30
12693,2.80,-5.82,-20.17,1.42,0.67,9.72,3744.08,1.22,192,67,-15,-33,18,7334.43,-20.95,6761.23
12906,2.81,-5.81,-19.56,1.45,0.66,9.74,3744.08,1.23,192,66,-15,-33,18,7334.27,-15.36,6786.74
13075,2.81,-5.81,-19.56,1.45,0.66,9.74,3744.08,1.22,192,67,-15,-33,18,26581.08,-4.81,6763.40
13292,2.82,-5.80,-19.52,1.43,0.65,9.73,3744.08,1.22,192,67,-14,-33,19,7335.91,-9.87,6792.89
13461,2.82,-5.80,-19.52,1.43,0.65,9.73,3744.08,1.23,192,66,-14,-33,19,7340.38,-10.00,6724.94
13675,2.83,-5.79,-18.85,1.44,0.63,9.74,3744.08,1.22,192,67,-15,-32,18,7338.57,-21.21,6765.66
13844,2.83,-5.79,-18.85,1.44,0.63,9.74,3744.08,1.22,192,67,-15,-32,18,7353.15,-1.98,6758.93
14060,2.83,-5.79,-18.40,1.43,0.68,9.71,3744.08,1.23,192,66,-15,-32,19,7337.45,-17.05,6772.77
14230,2.83,-5.79,-18.40,1.43,0.68,9.71,3744.08,1.22,192,67,-15,-32,19,7327.53,-16.01,6782.27
14443,2.83,-5.78,-18.22,1.43,0.64,9.69,3744.08,1.24,192,65,-15,-33,18,7336.80,-28.36,6800.10
14612,2.83,-5.78,-18.22,1.43,0.64,9.69,3744.08,1.22,192,67,-15,-33,18,7347.54,-18.48,6762.47
14829,2.83,-5.77,-18.26,1.43,0.66,9.70,3744.08,1.23,192,66,-15,-32,18,7342.51,-8.28,6724.78
14997,2.83,-5.77,-18.26,1.43,0.66,9.70,3744.08,1.22,192,67,-15,-32,18,7334.00,-17.18,6791.97
15211,2.83,-5.77,-18.17,1.45,0.66,9.71,3744.08,1.22,192,67,-16,-34,17,7341.03,-12.08,6783.61
15380,2.83,-5.77,-18.17,1.45,0.66,9.71,3744.08,1.23,192,66,-16,-34,17,7331.34,-16.76,6756.03
15597,2.85,-5.33,-17.54,1.44,0.66,9.74,3744.08,1.22,192,67,-15,-33,19,7337.35,-22.22,6766.49
15766,2.85,-5.33,-17.54,1.44,0.66,9.74,3744.08,1.22,192,67,-15,-33,19,7346.78,-21.18,6747.74
15979,2.85,-5.43,-17.08,1.44,0.65,9.74,3744.08,1.23,192,66,-14,-32,18,7334.07,-14.19,6779.24
16148,2.85,-5.43,-17.08,1.44,0.65,9.74,3744.08,1.23,192,66,-14,-32,18,7347.11,-19.23,6763.87
16365,2.85,-5.51,-16.91,1.45,0.65,9.75,3744.08,1.22,192,67,-15,-32,18,7329.14,-15.40,6752.27
16534,2.85,-5.51,-16.91,1.45,0.65,9.75,3744.08,1.22,192,67,-15,-32,18,7339.06,-10.10,6765.66
16751,2.84,-5.57,-17.05,1.44,0.66,9.72,3744.08,1.22,192,67,-15,-31,18,7328.62,-18.64,6775.99
16920,2.84,-5.57,-17.05,1.44,0.66,9.72,3744.08,1.22,192,67,-15,-31,18,7342.48,-20.24,6799.33
17137,2.84,-5.62,-16.83,1.43,0.66,9.77,3744.08,1.22,192,67,-14,-33,18,7347.67,-24.23,6769.26
17306,2.84,-5.62,-16.83,1.43,0.66,9.77,3744.08,1.22,192,67,-14,-33,18,7340.64,-12.86,6778.77
17519,2.84,-5.66,-16.98,1.43,0.66,9.76,3744.08,1.22,192,67,-13,-32,19,7340.11,-11.11,6766.62
17688,2.84,-5.66,-16.98,1.43,0.66,9.76,3744.08,1.22,192,67,-13,-32,19,7336.27,-18.09,6770.54
17905,2.83,-5.68,-16.79,1.43,0.66,9.74,3744.08,1.22,192,67,-15,-32,18,7350.89,-15.43,6789.00
18074,2.83,-5.68,-16.79,1.43,0.66,9.74,3744.08,1.23,192,66,-15,-32,18,7342.51,-18.32,6766.52
18287,2.83,-5.70,-16.27,1.41,0.67,9.73,3744.08,1.23,192,66,-14,-33,18,7330.19,-9.29,6767.48
18456,2.83,-5.70,-16.27,1.41,0.67,9.73,3744.08,1.23,192,66,-14,-33,18,7329.83,-10.75,6770.67
18669,2.83,-5.71,-16.60,1.43,0.63,9.70,3744.08,1.23,192,66,-15,-33,18,7325.60,-22.87,6777.33
18838,2.83,-5.71,-16.60,1.43,0.63,9.70,3744.08,1.22,192,67,-15,-33,18,7347.21,-22.25,6742.99
19055,2.83,-5.73,-16.69,1.43,0.67,9.75,3744.08,1.23,192,66,-15,-32,19,7332.23,-14.62,6756.51
19224,2.83,-5.73,-16.69,1.43,0.67,9.75,3744.08,1.23,192,66,-15,-32,19,7338.04,-15.79,6777.33
19441,2.84,-5.74,-16.51,1.41,0.68,9.71,3744.08,1.22,192,67,-15,-33,18,7334.96,-18.71,6792.96
19610,2.84,-5.74,-16.51,1.41,0.68,9.71,3744.08,1.22,192,67,-15,-33,18,7327.30,3.18,6755.93
19822,2.83,-5.74,-16.41,1.44,0.65,9.75,3744.08,1.23,192,66,-13,-32,18,7330.00,-16.50,6790.56
19992,2.83,-5.74,-16.41,1.44,0.65,9.75,3744.08,1.22,192,67,-13,-32,18,7336.01,-1.72,6730.36
20209,2.82,-5.74,-16.41,1.42,0.68,9.72,3744.08,1.23,192,66,-14,-33,19,7332.95,-5.72,6772.17
20378,2.82,-5.74,-16.41,1.42,0.68,9.72,3744.08,1.23,192,66,-14,-33,19,7335.55,-24.10,6769.17
20592,2.83,-5.74,-16.03,1.41,0.68,9.72,3744.08,1.23,192,66,-14,-32,19,7335.61,-16.96,6763.62
20761,2.83,-5.74,-16.03,1.41,0.68,9.72,3744.08,1.23,192,66,-14,-32,19,7352.03,-14.06,6762.41
20978,2.80,-5.30,-16.33,1.43,0.68,9.72,3744.08,1.23,192,66,-15,-33,17,7341.30,-5.29,6732.53
21146,2.80,-5.30,-16.33,1.43,0.68,9.72,3744.08,1.22,192,67,-15,-33,17,7330.16,-19.68,6732.05
21360,2.81,-5.41,-16.31,1.45,0.67,9.74,3744.08,1.23,192,66,-14,-33,19,7333.54,-10.78,6797.48
21529,2.81,-5.41,-16.31,1.45,0.67,9.74,3744.08,1.22,192,67,-14,-33,19,7329.51,-21.11,6752.52
21746,2.79,-5.05,-16.59,1.42,0.68,9.73,3744.08,1.22,192,67,-14,-32,18,7341.43,-23.06,6763.94
21915,2.79,-5.05,-16.59,1.42,0.68,9.73,3744.08,1.24,192,65,-14,-32,18,7333.81,-17.80,6762.50
22132,3.01,-5.77,-16.10,1.42,0.68,9.70,3744.08,1.23,192,66,-1,-2,-3,7347.57,-20.56,6726.31
22300,3.01,-5.77,-16.10,1.42,0.68,9.70,3744.08,1.23,192,66,-1,-2,-3,7334.63,-20.56,6768.88
22513,3.18,-6.34,-15.61,1.45,0.68,9.70,3744.08,1.23,192,66,0,0,-2,7324.51,-28.71,6754.69
22681,3.18,-6.34,-15.61,1.45,0.68,9.70,3744.08,1.24,192,65,0,0,-2,7324.91,-25.76,6756.86
22894,3.28,-6.33,-15.46,1.45,0.68,9.72,3744.08,1.23,192,66,-1,-2,-1,7336.07,-24.59,6768.79
23060,3.28,-6.33,-15.46,1.45,0.68,9.72,3744.08,1.22,192,67,-1,-2,-1,7334.69,-19.98,6755.20
23273,3.36,-6.32,-15.10,1.41,0.65,9.72,3744.08,1.23,192,66,-1,-1,-1,7327.99,-7.50,6746.05
23442,3.36,-6.32,-15.10,1.41,0.65,9.72,3744.08,1.24,192,65,-1,-1,-1,7342.25,-16.34,6742.67
23655,3.44,-6.75,-14.66,1.40,0.68,9.72,3744.08,1.23,192,66,0,0,-1,7331.21,-22.09,6783.80
23823,3.44,-6.75,-14.66,1.40,0.68,9.72,3744.08,1.23,192,66,0,0,-1,7324.84,-17.77,6781.48
24036,3.48,-6.65,-14.58,1.43,0.66,9.75,3744.08,1.24,192,65,-1,-1,-1,7328.03,-19.98,6767.51
24202,3.48,-6.65,-14.58,1.43,0.66,9.75,3744.08,1.22,192,67,-1,-1,-1,7323.07,-9.61,6744.36
24415,3.51,-6.57,-14.00,1.41,0.65,9.72,3744.08,1.23,192,66,-1,-1,-3,7342.08,-7.21,6777.20
24584,3.51,-6.57,-14.00,1.41,0.65,9.72,3744.08,1.22,192,67,-1,-1,-3,7339.92,-13.22,6762.57
24797,3.57,-6.95,-13.84,1.44,0.66,9.74,3744.08,1.22,192,67,-1,-1,-2,7325.73,-9.48,6765.92
24966,3.57,-6.95,-13.84,1.44,0.66,9.74,3744.08,1.22,192,67,-1,-1,-2,7334.00,-21.89,6778.22
25176,3.61,-7.24,-14.19,1.41,0.67,9.72,3744.08,1.22,192,67,0,0,-1,7333.84,-29.27,6776.15
25342,3.61,-7.24,-14.19,1.41,0.67,9.72,3744.08,1.23,192,66,0,0,-1,7341.36,-18.19,6770.70
25556,3.64,-7.46,-13.71,1.44,0.67,9.72,3744.08,1.22,192,67,-1,-2,-1,7328.85,-20.69,6735.91
25722,3.64,-7.46,-13.71,1.44,0.67,9.72,3744.08,1.24,192,65,-1,-2,-1,7334.23,-23.94,6746.05
25935,3.65,-7.63,-13.34,1.42,0.64,9.74,3744.08,1.23,192,66,-1,-1,-3,7333.12,-7.96,6729.75
26103,3.65,-7.63,-13.34,1.42,0.64,9.74,3744.08,1.23,192,66,-1,-1,-3,7331.57,-20.95,6745.32
26313,3.67,-7.76,-13.17,1.43,0.68,9.70,3744.08,1.23,192,66,-1,-1,-2,7341.62,-17.28,6785.72
26482,3.67,-7.76,-13.17,1.43,0.68,9.70,3744.08,1.22,192,67,-1,-1,-2,7333.54,-14.55,6756.95
26691,3.69,-7.86,-13.29,1.43,0.66,9.69,3744.08,1.22,192,67,-1,-2,-2,7342.74,-18.84,6793.47
26860,3.69,-7.86,-13.29,1.43,0.66,9.69,3744.08,1.23,192,66,-1,-2,-2,7329.80,-32.94,6750.70
27073,3.66,-7.50,-13.35,1.40,0.67,9.75,3744.08,1.23,192,66,-1,-2,-2,7333.71,-19.13,6809.76
27242,3.66,-7.50,-13.35,1.40,0.67,9.75,3744.08,1.23,192,66,-1,-2,-2,7343.82,-14.75,6778.70
27455,3.68,-7.67,-13.60,1.42,0.65,9.70,3744.08,1.23,192,66,-1,-2,-1,7337.12,-22.12,6769.68
27624,3.68,-7.67,-13.60,1.42,0.65,9.70,3744.08,1.22,192,67,-1,-2,-1,7326.75,-23.13,6764.99
27833,3.70,-7.79,-13.66,1.43,0.68,9.70,3744.08,1.23,192,66,-1,-2,-2,7327.47,-19.78,6791.87
28002,3.70,-7.79,-13.66,1.43,0.68,9.70,3744.08,1.22,192,67,-1,-2,-2,7334.14,-17.47,6746.72
28215,3.68,-7.44,-13.64,1.40,0.64,9.74,3744.08,1.23,192,66,-1,-2,-3,7334.04,-15.82,6777.24
28384,3.68,-7.44,-13.64,1.40,0.64,9.74,3744.08,1.22,192,67,-1,-2,-3,7334.04,-18.94,6772.10
28597,3.70,-7.62,-13.57,1.45,0.65,9.73,3744.08,1.24,192,65,-1,-2,-2,7338.27,-15.36,6807.98
28766,3.70,-7.62,-13.57,1.45,0.65,9.73,3744.08,1.24,192,65,-1,-2,-2,7325.93,-20.11,6752.52
28976,3.71,-7.75,-13.70,1.44,0.65,9.76,3744.08,1.23,192,66,-1,-2,-2,7322.51,-16.99,6741.62
29144,3.71,-7.75,-13.70,1.44,0.65,9.76,3744.08,1.24,192,65,-1,-2,-2,7338.18,-17.70,6790.41
29358,3.69,-7.42,-13.92,1.43,0.65,9.74,3744.08,1.22,192,67,-1,-1,-2,7325.04,-24.43,6747.77
29527,3.69,-7.42,-13.92,1.43,0.65,9.74,3744.08,1.23,192,66,-1,-1,-2,7332.00,-21.89,6778.22
29740,3.70,-7.60,-13.77,1.42,0.67,9.69,3744.08,1.22,192,67,0,0,-1,7343.63,-19.75,6776.37
29907,3.70,-7.60,-13.77,1.42,0.67,9.69,3744.08,1.23,192,66,0,0,-1,7344.25,-26.54,6790.34
30120,3.71,-7.73,-13.61,1.43,0.66,9.71,3744.08,1.24,192,65,-1,-1,-1,7336.63,-9.84,6762.09
30285,3.71,-7.73,-13.61,1.43,0.66,9.71,3744.08,1.22,192,67,-1,-1,-1,7324.12,-20.20,6742.41
30499,3.69,-7.41,-13.54,1.44,0.64,9.71,3744.08,1.22,192,67,-1,-2,-2,7331.38,-12.28,6728.29
30668,3.69,-7.41,-13.54,1.44,0.64,9.71,3744.08,1.24,192,65,-1,-2,-2,7320.51,-19.00,6772.04
30881,3.70,-7.60,-13.26,1.42,0.67,9.71,3744.08,1.23,192,66,1,0,0,7333.22,-13.77,6784.92
31048,3.70,-7.60,-13.26,1.42,0.67,9.71,3744.08,1.24,192,65,1,0,0,7334.50,-12.15,6739.19
31261,3.69,-7.31,-13.42,1.42,0.68,9.72,3744.08,1.22,192,67,-1,-1,-1,7322.81,-18.97,6749.49
31428,3.69,-7.31,-13.42,1.42,0.68,9.72,3744.08,1.23,192,66,-1,-1,-1,7323.13,-18.09,6761.39
31641,3.68,-7.07,-13.51,1.43,0.67,9.75,3744.08,1.23,192,66,0,0,0,7347.57,-12.83,6758.77
31809,3.68,-7.07,-13.51,1.43,0.67,9.75,3744.08,1.22,192,67,0,0,0,7331.77,-1.72,6747.52
32017,3.70,-7.34,-13.48,1.44,0.68,9.73,3744.08,1.21,192,68,-1,-2,-1,7329.31,-26.63,6763.01
32184,3.70,-7.34,-13.48,1.44,0.68,9.73,3744.08,1.22,192,67,-1,-2,-1,7323.63,-27.41,6775.83
32397,3.71,-7.54,-13.42,1.43,0.65,9.74,3744.08,1.23,192,66,1,0,0,7333.51,-12.47,6775.96
32565,3.71,-7.54,-13.42,1.43,0.65,9.74,3744.08,1.23,192,66,1,0,0,7339.82,-25.01,6775.83
32778,3.70,-7.25,-13.07,1.45,0.67,9.74,3744.08,1.22,192,67,0,1,-1,7327.86,-27.74,6773.47
32943,3.70,-7.25,-13.07,1.45,0.67,9.74,3744.08,1.22,192,67,0,1,-1,7324.94,-18.87,6758.04
33157,3.71,-7.47,-12.67,1.41,0.65,9.73,3744.08,1.23,192,66,0,0,-1,7328.88,-23.81,6773.76
33321,3.71,-7.47,-12.67,1.41,0.65,9.73,3744.08,1.22,192,67,0,0,-1,7319.42,-9.94,6737.63
33533,3.72,-7.64,-12.77,1.44,0.67,9.74,3744.08,1.23,192,66,-1,-3,-1,7331.61,-16.40,6793.18
33700,3.72,-7.64,-12.77,1.44,0.67,9.74,3744.08,1.23,192,66,-1,-3,-1,7329.34,-22.35,6772.23
33913,3.73,-7.77,-13.02,1.43,0.64,9.71,3744.08,1.22,192,67,-1,-1,-2,7336.96,-21.63,6776.73
34082,3.73,-7.77,-13.02,1.43,0.64,9.71,3744.08,1.22,192,67,-1,-1,-2,7340.41,-24.85,6763.14
34291,3.74,-7.86,-13.19,1.44,0.67,9.75,3744.08,1.22,192,67,-1,-2,0,7327.21,-14.52,6772.61
34460,3.74,-7.86,-13.19,1.44,0.67,9.75,3744.08,1.23,192,66,-1,-2,0,7318.80,-26.96,6755.84
34673,3.74,-7.95,-13.42,1.41,0.65,9.74,3744.08,1.24,192,65,-1,-2,0,7336.96,-19.33,6770.86
34842,3.74,-7.95,-13.42,1.41,0.65,9.74,3744.08,1.24,192,65,-1,-2,0,7321.85,-25.34,6808.42
35055,3.74,-8.00,-13.36,1.41,0.65,9.68,3744.08,1.23,192,66,0,0,-1,7326.91,-20.01,6781.92
35223,3.74,-8.00,-13.36,1.41,0.65,9.68,3744.08,1.24,192,65,0,0,-1,7332.99,-23.61,6757.85
35436,3.72,-7.62,-13.13,1.45,0.64,9.73,3744.08,1.23,192,66,0,1,-1,7347.01,-14.36,6756.22
35601,3.72,-7.62,-13.13,1.45,0.64,9.73,3744.08,1.23,192,66,0,1,-1,7335.25,-15.23,6776.41
35814,3.72,-7.76,-12.98,1.41,0.65,9.70,3744.08,1.23,192,66,0,0,-1,7333.08,-6.95,6766.65
35979,3.72,-7.76,-12.98,1.41,0.65,9.70,3744.08,1.23,192,66,0,0,-1,7323.13,-14.45,6774.24
36193,3.73,-7.85,-13.19,1.44,0.63,9.71,3744.08,1.22,192,67,-1,-1,-1,7334.30,-26.02,6772.20
36359,3.73,-7.85,-13.19,1.44,0.63,9.71,3744.08,1.23,192,66,-1,-1,-1,7335.61,-17.15,6761.64
36572,3.74,-7.94,-13.01,1.43,0.63,9.69,3744.08,1.22,192,67,-1,-1,-1,7335.09,-22.83,6754.28
36741,3.74,-7.94,-13.01,1.43,0.63,9.69,3744.08,1.23,192,66,-1,-1,-1,7333.91,-25.27,6777.36
36950,3.74,-8.01,-13.35,1.44,0.65,9.74,3744.08,1.23,192,66,-1,-1,-1,7334.37,-12.44,6752.20
37118,3.74,-8.01,-13.35,1.44,0.65,9.74,3744.08,1.22,192,67,-1,-1,-1,7320.05,-15.56,6781.22
37331,3.75,-8.06,-13.16,1.43,0.65,9.72,3744.08,1.22,192,67,0,1,0,7327.67,-15.66,6753.54
37498,3.75,-8.06,-13.16,1.43,0.65,9.72,3744.08,1.23,192,66,0,1,0,7331.64,-21.83,6767.57
37708,3.74,-8.09,-13.09,1.44,0.66,9.68,3744.08,1.22,192,67,1,0,-2,7340.87,-20.27,6756.06
37873,3.74,-8.09,-13.09,1.44,0.66,9.68,3744.08,1.23,192,66,1,0,-2,7324.25,-19.46,6797.17
38086,3.75,-8.12,-13.45,1.41,0.66,9.74,3744.08,1.24,192,65,0,0,-2,7329.67,-15.92,6749.59
38251,3.75,-8.12,-13.45,1.41,0.66,9.74,3744.08,1.23,192,66,0,0,-2,7331.67,-23.81,6760.53
38460,3.76,-8.13,-13.08,1.42,0.65,9.74,3744.08,1.23,192,66,-1,-1,-1,7332.13,-16.08,6757.94
38626,3.76,-8.13,-13.08,1.42,0.65,9.74,3744.08,1.23,192,66,-1,-1,-1,7333.15,-27.77,6753.16
38836,3.76,-8.15,-13.12,1.45,0.66,9.71,3744.08,1.22,192,67,0,0,-1,7331.87,-12.44,6766.94
39004,3.76,-8.15,-13.12,1.45,0.66,9.71,3744.08,1.23,192,66,0,0,-1,7336.76,-22.44,6776.85
39217,3.73,-7.73,-13.12,1.43,0.67,9.70,3744.08,1.22,192,67,-1,-2,-1,7325.60,-26.02,6780.49
39383,3.73,-7.73,-13.12,1.43,0.67,9.70,3744.08,1.24,192,65,-1,-2,-1,7319.29,-10.46,6767.57
39596,3.74,-7.84,-12.78,1.43,0.66,9.73,3744.08,1.22,192,67,-1,-2,-1,7338.11,-19.00,6743.08
39764,3.74,-7.84,-12.78,1.43,0.66,9.73,3744.08,1.23,192,66,-1,-2,-1,7331.15,-15.27,6797.04
39977,3.74,-7.92,-12.73,1.41,0.64,9.73,3744.08,1.23,192,66,-1,-2,-1,7336.24,-9.78,6731.22
40145,3.74,-7.92,-12.73,1.41,0.64,9.73,3744.08,1.24,192,65,-1,-2,-1,7330.59,-23.94,6770.41
40359,3.74,-7.98,-12.81,1.41,0.67,9.73,3744.08,1.23,192,66,0,-1,-1,7335.38,-16.92,6770.19
40527,3.74,-7.98,-12.81,1.41,0.67,9.73,3744.08,1.23,192,66,0,-1,-1,7327.30,-23.39,6769.17
40740,3.75,-8.04,-13.17,1.41,0.66,9.74,3744.08,1.23,192,66,-1,-1,0,7324.22,-22.41,6748.89
40909,3.75,-8.04,-13.17,1.41,0.66,9.74,3744.08,1.23,192,66,-1,-1,0,7326.02,-19.75,6764.45
41118,3.75,-8.08,-13.21,1.41,0.66,9.75,3744.08,1.23,192,66,-1,-2,-2,7326.35,-14.52,6778.10
41288,3.75,-8.08,-13.21,1.41,0.66,9.75,3744.08,1.23,192,66,-1,-2,-2,7332.17,-26.83,6768.21
41497,3.76,-8.11,-13.02,1.43,0.66,9.71,3744.08,1.24,192,65,-1,-1,0,7320.74,-21.44,6756.83
41665,3.76,-8.11,-13.02,1.43,0.66,9.71,3744.08,1.22,192,67,-1,-1,0,7331.02,-26.70,6738.52
41879,3.76,-8.12,-13.23,1.42,0.67,9.73,3744.08,1.22,192,67,-1,-1,-1,7323.13,-16.66,6760.91
42048,3.76,-8.12,-13.23,1.42,0.67,9.73,3744.08,1.22,192,67,-1,-1,-1,7336.37,-12.93,6781.86
42261,3.76,-8.15,-13.27,1.42,0.65,9.71,3744.08,1.22,192,67,-1,-2,0,7326.71,-24.65,6760.37
42429,3.76,-8.15,-13.27,1.42,0.65,9.71,3744.08,1.22,192,67,-1,-2,0,7327.47,-18.74,6763.27
42643,3.76,-8.16,-12.83,1.42,0.64,9.76,3744.08,1.23,192,67,-1,-2,-1,7332.10,-23.16,6777.91
42812,3.76,-8.16,-12.83,1.42,0.64,9.76,3744.08,1.23,192,66,-1,-2,-1,7338.08,-24.85,6775.35
43025,3.76,-8.17,-12.91,1.43,0.65,9.73,3744.08,1.23,192,66,-1,-1,-1,7340.01,-17.77,6756.54
43194,3.76,-8.17,-12.91,1.43,0.65,9.73,3744.08,1.23,192,66,-1,-1,-1,7339.46,-20.07,6754.02
43403,3.76,-8.18,-13.13,1.42,0.65,9.71,3744.08,1.22,192,67,-2,-2,-1,7330.72,-21.44,6763.97
43572,3.76,-8.18,-13.13,1.42,0.65,9.71,3744.08,1.23,192,66,-2,-2,-1,7329.28,-13.12,6762.12
43785,3.76,-8.19,-13.24,1.42,0.65,9.72,3744.08,1.23,192,66,-1,-1,-1,7315.15,-26.08,6777.04
43954,3.76,-8.19,-13.24,1.42,0.65,9.72,3744.08,1.25,192,64,-1,-1,-1,7330.39,-15.49,6766.62
44167,3.76,-8.19,-13.05,1.42,0.67,9.69,3744.08,1.23,192,66,-1,-1,0,7321.95,-16.21,6765.79
44336,3.76,-8.19,-13.05,1.42,0.67,9.69,3744.08,1.22,192,67,-1,-1,0,7328.95,-18.38,6773.98
44545,3.76,-8.20,-13.41,1.41,0.67,9.71,3744.08,1.23,192,66,-1,-1,0,7322.35,-31.54,6759.57
44713,3.76,-8.20,-13.41,1.41,0.67,9.71,3744.08,1.23,192,66,-1,-1,0,7336.47,-16.24,6770.44
44926,3.73,-7.76,-13.40,1.43,0.67,9.74,3744.08,1.24,192,65,-2,-1,-1,7331.18,-29.82,6739.22
45095,3.73,-7.76,-13.40,1.43,0.67,9.74,3744.08,1.23,192,66,-2,-1,-1,7319.00,-25.21,6741.04
45308,3.74,-7.87,-13.49,1.41,0.69,9.70,3744.08,1.24,192,65,-1,-2,-1,7335.09,-11.04,6755.10
45477,3.74,-7.87,-13.49,1.41,0.69,9.70,3744.08,1.24,192,65,-1,-2,-1,7328.95,-19.07,6725.03
45686,3.74,-7.95,-13.34,1.43,0.64,9.75,3744.08,1.24,192,66,-1,-1,-1,7325.17,-27.58,6806.00
45855,3.74,-7.95,-13.34,1.43,0.64,9.75,3744.08,1.22,192,67,-1,-1,-1,7337.58,-24.46,6760.53
46068,3.74,-8.01,-13.40,1.43,0.67,9.68,3744.08,1.23,192,67,-1,-1,-1,7319.23,-15.53,6781.92
46237,3.74,-8.01,-13.40,1.43,0.67,9.68,3744.08,1.22,192,67,-1,-1,-1,7326.45,-19.72,6763.52
46450,3.74,-8.06,-13.52,1.45,0.64,9.71,3744.08,1.23,192,66,-1,-1,-1,7327.63,-25.14,6759.89
46619,3.74,-8.06,-13.52,1.45,0.64,9.71,3744.08,1.22,192,67,-1,-1,-1,7320.28,-15.46,6753.38
46828,3.74,-8.10,-13.58,1.41,0.65,9.70,3744.08,1.22,192,67,0,0,-1,7336.07,-20.85,6744.29
46996,3.74,-8.10,-13.58,1.41,0.65,9.70,3744.08,1.23,192,66,0,0,-1,7323.79,-8.09,6772.45
47209,3.74,-8.13,-13.61,1.43,0.67,9.68,3744.08,1.23,192,66,0,0,-1,7330.65,-16.83,6772.99
47374,3.74,-8.13,-13.61,1.43,0.67,9.68,3744.08,1.23,192,66,0,0,-1,7327.37,-23.74,6770.19
47587,3.74,-8.15,-13.46,1.43,0.66,9.74,3744.08,1.22,192,67,0,0,-1,7326.98,-14.00,6767.70
47752,3.74,-8.15,-13.46,1.43,0.66,9.74,3744.08,1.23,192,66,0,0,-1,7324.22,-16.01,6764.00
47965,3.75,-8.16,-13.39,1.43,0.64,9.74,3744.08,1.23,192,66,-1,-2,0,7328.29,-25.37,6745.86
48131,3.75,-8.16,-13.39,1.43,0.64,9.74,3744.08,1.24,192,65,-1,-2,0,7333.81,-22.57,6746.56
48339,3.75,-8.17,-13.28,1.41,0.65,9.75,3744.08,1.23,192,66,-1,-1,0,7337.45,-24.30,6767.80
48508,3.75,-8.17,-13.28,1.41,0.65,9.75,3744.08,1.23,192,66,-1,-1,0,7323.20,-12.21,6746.75
48721,3.75,-8.19,-13.01,1.42,0.68,9.69,3744.08,1.23,192,66,-1,-1,0,7335.52,-20.46,6767.25
48890,3.75,-8.19,-13.01,1.42,0.68,9.69,3744.08,1.23,192,66,-1,-1,0,7332.79,-23.87,6752.62
49103,3.75,-8.19,-13.22,1.42,0.67,9.73,3744.08,1.22,192,67,-1,-1,-1,7329.34,-24.30,6745.48
49273,3.75,-8.19,-13.22,1.42,0.67,9.73,3744.08,1.22,192,67,-1,-1,-1,7330.98,-23.26,6778.54
49482,3.76,-8.20,-13.32,1.44,0.65,9.73,3744.08,1.23,192,66,-1,-1,-1,7335.09,-13.84,6756.70
49651,3.76,-8.20,-13.32,1.44,0.65,9.73,3744.08,1.24,192,65,-1,-1,-1,7330.10,-25.11,6764.67
49864,3.76,-8.20,-12.99,1.45,0.66,9.72,3744.08,1.23,192,66,1,1,-1,7333.54,-27.74,6742.60
50032,3.76,-8.20,-12.99,1.45,0.66,9.72,3744.08,1.23,192,66,1,1,-1,7319.09,-26.08,6751.25
50245,3.76,-8.21,-13.11,1.45,0.67,9.75,3744.08,1.23,192,66,-1,-1,-1,7334.00,-25.43,6751.50
50411,3.76,-8.21,-13.11,1.45,0.67,9.75,3744.08,1.23,192,66,-1,-1,-1,7344.32,-13.06,6723.70
50624,3.76,-8.21,-13.11,1.43,0.64,9.72,3744.08,1.24,192,65,-1,-1,-1,7331.71,-30.79,6769.30
50793,3.76,-8.21,-13.11,1.43,0.64,9.72,3744.08,1.22,192,67,-1,-1,-1,7322.44,-16.05,6782.05
51002,3.76,-8.21,-13.26,1.43,0.67,9.74,3744.08,1.24,192,65,-1,-1,0,7330.49,-18.58,6762.47
51170,3.76,-8.21,-13.26,1.43,0.67,9.74,3744.08,1.23,192,66,-1,-1,0,7320.67,-23.58,6767.89
51383,3.76,-8.21,-13.55,1.44,0.64,9.71,3744.08,1.23,192,66,-1,-1,0,7308.45,-13.74,6734.44
51552,3.76,-8.21,-13.55,1.44,0.64,9.71,3744.08,1.22,192,67,-1,-1,0,7329.01,-22.96,6751.85
51761,3.76,-8.21,-13.35,1.43,0.67,9.74,3744.08,1.23,192,66,0,0,0,7334.00,-17.70,6777.84
51929,3.76,-8.21,-13.35,1.43,0.67,9.74,3744.08,1.22,192,67,0,0,0,7332.89,-7.08,6740.95
52142,3.73,-7.78,-13.65,1.42,0.64,9.69,3744.08,1.23,192,66,0,0,-1,7337.49,-16.11,6772.01
52307,3.73,-7.78,-13.65,1.42,0.64,9.69,3744.08,1.22,192,67,0,0,-1,7330.85,-25.34,6748.70
52520,3.74,-7.88,-13.63,1.43,0.64,9.70,3744.08,1.23,192,66,-1,-1,0,7331.48,-19.20,6760.91
52686,3.74,-7.88,-13.63,1.43,0.64,9.70,3744.08,1.25,192,64,-1,-1,0,7316.37,-18.22,6786.93
52899,3.74,-7.96,-13.67,1.45,0.66,9.71,3744.08,1.22,192,67,-1,-2,0,7330.95,-28.00,6759.76
53068,3.74,-7.96,-13.67,1.45,0.66,9.71,3744.08,1.24,192,65,-1,-2,0,7320.18,-19.00,6784.63
53277,3.75,-8.01,-13.65,1.44,0.68,9.72,3744.08,1.23,192,66,-1,-3,-1,7329.28,-29.10,6703.96
53446,3.75,-8.01,-13.65,1.44,0.68,9.72,3744.08,1.23,192,66,-1,-3,-1,7324.02,-14.03,6761.16
53655,3.75,-8.06,-13.70,1.43,0.65,9.75,3744.08,1.23,192,66,-1,-1,-1,7325.79,-27.38,6764.64
53824,3.75,-8.06,-13.70,1.43,0.65,9.75,3744.08,1.22,192,67,-1,-1,-1,7328.49,-23.39,6736.45
54037,3.75,-8.10,-13.95,1.46,0.66,9.74,3744.08,1.22,192,67,-1,-1,-1,7340.21,-21.44,6757.85
54206,3.75,-8.10,-13.95,1.46,0.66,9.74,3744.08,1.23,192,66,-1,-1,-1,7330.19,-18.25,6757.24
54419,3.75,-8.13,-13.84,1.44,0.67,9.71,3744.08,1.23,192,66,-1,-2,-1,7335.35,-25.82,6780.07
54588,3.75,-8.13,-13.84,1.44,0.67,9.71,3744.08,1.22,192,67,-1,-2,-1,7328.49,-21.18,6760.94
54797,3.76,-8.15,-13.89,1.44,0.68,9.76,3744.08,1.23,192,66,-1,-1,-1,7333.68,-23.00,6754.24
54966,3.76,-8.15,-13.89,1.44,0.68,9.76,3744.08,1.23,192,66,-1,-1,-1,7328.03,-15.43,6757.75
55179,3.73,-7.73,-14.32,1.44,0.64,9.73,3744.08,1.22,192,67,-1,-3,0,7330.46,-23.68,6748.12
55348,3.73,-7.73,-14.32,1.44,0.64,9.73,3744.08,1.22,192,67,-1,-3,0,7321.89,-30.82,6768.98
55561,3.74,-7.84,-14.30,1.44,0.64,9.72,3744.08,1.22,192,67,0,0,-1,7327.90,-14.32,6742.38
55729,3.74,-7.84,-14.30,1.44,0.64,9.72,3744.08,1.22,192,68,0,0,-1,7322.84,-20.59,6767.61
55942,3.72,-7.49,-13.80,1.44,0.67,9.70,3744.08,1.23,192,66,-1,-2,-1,7335.42,-20.66,6757.59
56109,3.72,-7.49,-13.80,1.44,0.67,9.70,3744.08,1.23,192,66,-1,-2,-1,7328.68,-21.96,6758.52
56322,3.71,-7.23,-13.52,1.45,0.64,9.70,3744.08,1.23,192,66,-1,-1,-1,7334.37,-31.80,6762.60
56491,3.71,-7.23,-13.52,1.45,0.64,9.70,3744.08,1.23,192,66,-1,-1,-1,7334.14,-21.37,6758.58
56704,3.71,-7.45,-13.48,1.44,0.66,9.71,3744.08,1.22,192,67,-1,-1,0,7327.50,-23.61,6756.44
56871,3.71,-7.45,-13.48,1.44,0.66,9.71,3744.08,1.23,192,66,-1,-1,0,7315.91,-21.63,6758.13
57084,3.72,-7.63,-13.62,1.45,0.69,9.72,3744.08,1.23,192,66,0,0,-1,7324.87,-20.37,6715.40
57253,3.72,-7.63,-13.62,1.45,0.69,9.72,3744.08,1.22,192,67,0,0,-1,7342.61,-23.13,6758.26
57466,3.73,-7.76,-13.71,1.46,0.64,9.72,3744.08,1.23,192,66,-1,-1,-1,7319.23,-28.29,6736.87
57632,3.73,-7.76,-13.71,1.46,0.64,9.72,3744.08,1.23,192,66,-1,-1,-1,7320.51,-18.71,6749.65
57845,3.73,-7.87,-14.12,1.43,0.66,9.70,3744.08,1.22,192,67,-2,-1,0,7338.14,-11.79,6723.92
58013,3.73,-7.87,-14.12,1.43,0.66,9.70,3744.08,1.23,192,66,-2,-1,0,7335.15,-12.64,6769.04
58226,3.73,-7.95,-14.18,1.43,0.67,9.77,3744.08,1.23,192,66,-1,-2,0,7324.97,-17.54,6752.20
58395,3.73,-7.95,-14.18,1.43,0.67,9.77,3744.08,1.24,192,65,-1,-2,0,7325.40,-19.62,6734.54
58608,3.74,-8.01,-13.93,1.42,0.69,9.74,3744.08,1.23,192,66,0,0,-1,7330.52,-20.01,6756.83
58777,3.74,-8.01,-13.93,1.42,0.69,9.74,3744.08,1.22,192,67,0,0,-1,7327.83,-23.13,6740.12
58990,3.74,-8.06,-13.54,1.43,0.66,9.73,3744.08,1.23,192,66,0,0,0,7319.88,-13.12,6745.86
59154,3.74,-8.06,-13.54,1.43,0.66,9.73,3744.08,1.22,192,67,0,0,0,7324.94,-14.81,6746.91
59367,3.75,-8.10,-13.56,1.42,0.67,9.71,3744.08,1.24,192,65,-1,-1,-2,7330.06,-15.14,6749.43
59534,3.75,-8.10,-13.56,1.42,0.67,9.71,3744.08,1.23,192,66,-1,-1,-2,7330.23,-19.29,6740.79
59747,3.71,-7.69,-13.93,1.45,0.66,9.70,3744.08,1.22,192,67,-1,-1,-2,7337.03,-26.05,6766.04
59916,3.71,-7.69,-13.93,1.45,0.66,9.70,3744.08,1.22,192,67,-1,-1,-2,7324.09,-13.67,6756.16
60129,3.73,-7.81,-13.57,1.42,0.65,9.74,3744.08,1.23,192,66,-1,-2,-1,7323.73,-20.50,-31865.30
60299,3.73,-7.81,-13.57,1.42,0.65,9.74,3744.08,1.22,192,67,-1,-2,-1,7325.56,-32.90,6765.92
60511,3.74,-7.90,-13.48,1.43,0.67,9.74,3744.08,1.23,192,66,0,0,-1,7330.23,-26.37,6792.64
60679,3.74,-7.90,-13.48,1.43,0.67,9.74,3744.08,1.24,192,65,0,0,-1,7330.88,-17.90,6734.89
60892,3.75,-7.97,-13.10,1.43,0.68,9.68,3744.08,1.24,192,65,0,0,-1,7324.91,-18.94,6765.56
61057,3.75,-7.97,-13.10,1.43,0.68,9.68,3744.08,1.24,192,65,0,0,-1,7323.20,-12.34,6737.47
61265,3.75,-8.02,-12.88,1.43,0.68,9.72,3744.08,1.22,192,67,0,0,0,7339.13,-11.24,6789.80
61429,3.75,-8.02,-12.88,1.43,0.68,9.72,3744.08,1.23,192,66,0,0,0,7318.11,-25.72,6770.28
61639,3.76,-8.07,-12.85,1.44,0.67,9.72,3744.08,1.24,192,65,-1,-1,0,7319.32,-18.97,6744.68
61805,3.76,-8.07,-12.85,1.44,0.67,9.72,3744.08,1.23,192,66,-1,-1,0,7321.72,-22.31,6750.48
62014,3.76,-8.10,-13.12,1.43,0.67,9.74,3744.08,1.22,192,67,-1,-1,-1,7328.32,-11.89,6757.11
62183,3.76,-8.10,-13.12,1.43,0.67,9.74,3744.08,1.23,192,66,-1,-1,-1,7333.15,-15.66,6764.51
62392,3.76,-8.13,-12.79,1.42,0.66,9.73,3744.08,1.22,192,67,0,0,-2,7326.45,-23.81,6753.10
62560,3.76,-8.13,-12.79,1.42,0.66,9.73,3744.08,1.22,192,67,0,0,-2,7335.35,-25.08,6752.11
62773,3.76,-8.15,-12.79,1.44,0.67,9.70,3744.08,1.24,192,65,-1,-3,-1,7319.06,-17.57,6773.15
62939,3.76,-8.15,-12.79,1.44,0.67,9.70,3744.08,1.22,192,68,-1,-3,-1,7329.60,-25.66,6781.00
63153,3.76,-8.16,-13.10,1.45,0.65,9.74,3744.08,1.22,192,68,-1,-1,-1,7319.16,-14.84,6770.32
63321,3.76,-8.16,-13.10,1.45,0.65,9.74,3744.08,1.23,192,66,-1,-1,-1,7340.31,-30.08,6792.57
63531,3.76,-8.17,-13.16,1.45,0.66,9.73,3744.08,1.23,192,67,-1,-3,-1,7327.86,-25.53,6750.07
63698,3.76,-8.17,-13.16,1.45,0.66,9.73,3744.08,1.24,192,65,-1,-3,-1,7321.36,-12.41,6773.82
63912,3.75,-8.18,-12.62,1.44,0.67,9.73,3744.08,1.22,192,67,-1,-1,0,7317.22,-25.50,6788.24
64080,3.75,-8.18,-12.62,1.44,0.67,9.73,3744.08,1.23,192,67,-1,-1,0,7322.12,-24.36,6762.50
64293,3.75,-8.19,-12.57,1.43,0.66,9.75,3744.08,1.22,192,67,-1,-2,-1,7319.59,-24.43,6763.81
64462,3.75,-8.19,-12.57,1.43,0.66,9.75,3744.08,1.22,192,67,-1,-2,-1,7320.67,-21.73,6780.81
64672,3.75,-8.20,-13.11,1.42,0.67,9.72,3744.08,1.22,192,67,0,0,-1,7330.49,-18.64,6784.41
64839,3.75,-8.20,-13.11,1.42,0.67,9.72,3744.08,1.22,192,67,0,0,-1,7333.81,-21.79,6755.55
65052,3.76,-8.20,-13.00,1.42,0.66,9.75,3744.08,1.24,192,65,-2,-3,-1,7315.97,-19.55,6770.48
65218,3.76,-8.20,-13.00,1.42,0.66,9.75,3744.08,1.24,192,65,-2,-3,-1,7330.88,-18.32,6723.34
65432,3.76,-8.20,-13.01,1.44,0.65,9.74,3744.08,1.22,192,68,-1,-1,-1,7310.42,-22.67,6745.99
65600,3.76,-8.20,-13.01,1.44,0.65,9.74,3744.08,1.23,192,67,-1,-1,-1,7321.69,-25.30,6744.65
65813,3.76,-8.20,-13.06,1.44,0.68,9.71,3744.08,1.24,192,65,-1,-1,-1,7312.13,-8.93,6783.20
65982,3.76,-8.20,-13.06,1.44,0.68,9.71,3744.08,1.22,192,67,-1,-1,-1,7314.92,-23.06,6746.30
66195,3.75,-8.21,-12.86,1.43,0.67,9.74,3744.08,1.22,192,67,-1,-1,-1,7326.81,-20.11,6772.55
66364,3.75,-8.21,-12.86,1.43,0.67,9.74,3744.08,1.24,192,65,-1,-1,-1,7306.78,-23.61,6771.24
66577,3.76,-8.21,-13.19,1.41,0.66,9.72,3744.08,1.22,192,67,0,-1,0,7327.57,-21.18,6733.20
66745,3.76,-8.21,-13.19,1.41,0.66,9.72,3744.08,1.23,192,66,0,-1,0,7336.04,-27.71,6768.12
66958,3.74,-7.77,-13.15,1.41,0.66,9.74,3744.08,1.22,192,67,-1,-2,0,7322.35,-15.69,-31865.59
67125,3.74,-7.77,-13.15,1.41,0.66,9.74,3744.08,1.24,192,65,-1,-2,0,7331.41,-20.17,6798.60
67337,3.74,-7.88,-13.19,1.43,0.68,9.74,3744.08,1.24,192,65,-1,-2,-1,7324.74,-19.59,6762.98
67506,3.74,-7.88,-13.19,1.43,0.68,9.74,3744.08,1.23,192,66,-1,-2,-1,7325.27,-31.67,6768.79
67720,3.75,-7.95,-13.48,1.43,0.64,9.74,3744.08,1.23,192,67,-1,-2,-2,7316.93,-4.58,6755.74
67888,3.75,-7.95,-13.48,1.43,0.64,9.74,3744.08,1.23,192,66,-1,-2,-2,7322.84,-19.75,6759.35
68102,3.75,-8.02,-13.21,1.39,0.65,9.75,3744.08,1.24,192,65,0,0,0,7316.07,-10.46,6747.42
68269,3.75,-8.02,-13.21,1.39,0.65,9.75,3744.08,1.23,192,66,0,0,0,7325.96,-19.62,6795.32
68482,3.75,-8.07,-13.32,1.44,0.67,9.72,3744.08,1.23,192,67,-1,-1,-1,7331.25,-17.31,6778.38
68648,3.75,-8.07,-13.32,1.44,0.67,9.72,3744.08,1.22,192,67,-1,-1,-1,7329.34,-21.66,6755.74
68861,3.75,-8.11,-13.62,1.41,0.64,9.72,3744.08,1.22,192,67,-1,-1,-1,7325.73,-12.77,6724.14
69029,3.75,-8.11,-13.62,1.41,0.64,9.72,3744.08,1.22,192,67,-1,-1,-1,7334.00,-31.44,6731.57
69243,3.76,-8.13,-13.63,1.41,0.65,9.72,3744.08,1.24,192,65,-1,-1,-1,7314.99,-8.61,6767.54
69411,3.76,-8.13,-13.63,1.41,0.65,9.72,3744.08,1.22,192,67,-1,-1,-1,7326.19,-14.45,6769.20
69625,3.76,-8.15,-13.51,1.42,0.66,9.72,3744.08,1.22,192,67,-1,-1,0,7319.88,-25.89,6752.75
69793,3.76,-8.15,-13.51,1.42,0.66,9.72,3744.08,1.22,192,67,-1,-1,0,7331.34,-25.63,6776.60
70002,3.76,-8.17,-13.47,1.43,0.67,9.75,3744.08,1.22,192,67,-1,-1,0,7333.05,-24.62,6764.35
70171,3.76,-8.17,-13.47,1.43,0.67,9.75,3744.08,1.23,192,67,-1,-1,0,7309.14,-18.29,6736.04
70384,3.73,-7.75,-13.55,1.40,0.65,9.73,3744.08,1.23,192,66,-2,-2,-1,7319.03,-31.31,6764.86
70553,3.73,-7.75,-13.55,1.40,0.65,9.73,3744.08,1.24,192,65,-2,-2,-1,7325.10,-20.40,6762.57
70767,3.74,-7.86,-13.60,1.42,0.65,9.75,3744.08,1.23,192,67,0,0,-1,7319.78,-14.49,6746.94
70934,3.74,-7.86,-13.60,1.42,0.65,9.75,3744.08,1.22,192,68,0,0,-1,7323.46,-16.11,6746.97
71147,3.75,-7.94,-13.54,1.45,0.67,9.70,3744.08,1.23,192,67,-1,-2,-1,7320.05,-11.43,6753.35
71313,3.75,-7.94,-13.54,1.45,0.67,9.70,3744.08,1.24,192,65,-1,-2,-1,7325.53,-15.85,6769.30
71527,3.75,-8.00,-13.54,1.44,0.66,9.71,3744.08,1.23,192,67,-1,-2,0,7325.43,-27.32,6745.06
71695,3.75,-8.00,-13.54,1.44,0.66,9.71,3744.08,1.24,192,65,-1,-2,0,7330.92,-23.97,6758.71
71908,3.75,-8.05,-13.33,1.45,0.65,9.74,3744.08,1.22,192,67,0,0,0,7328.98,-24.04,6766.49
72076,3.75,-8.05,-13.33,1.45,0.65,9.74,3744.08,1.22,192,67,0,0,0,7322.05,-16.47,6729.53
72289,3.76,-8.10,-13.43,1.41,0.66,9.73,3744.08,1.22,192,67,-1,-2,-1,7322.05,-22.31,6730.07
72455,3.76,-8.10,-13.43,1.41,0.66,9.73,3744.08,1.24,192,65,-1,-2,-1,7325.07,-18.90,6759.12
72669,3.74,-7.69,-13.53,1.44,0.68,9.74,3744.08,1.24,192,65,-1,-1,-1,7326.25,-23.13,6751.79
72837,3.74,-7.69,-13.53,1.44,0.68,9.74,3744.08,1.22,192,67,-1,-1,-1,7313.38,-25.53,6738.52
73051,3.74,-7.81,-13.45,1.45,0.68,9.74,3744.08,1.23,192,67,-2,-2,-1,7332.66,-26.80,6748.28
73219,3.74,-7.81,-13.45,1.45,0.68,9.74,3744.08,1.23,192,66,-2,-2,-1,7311.80,-25.04,6780.11
73428,3.74,-7.90,-13.73,1.43,0.66,9.72,3744.08,1.22,192,67,-1,-2,0,7321.00,-14.32,6746.75
73596,3.74,-7.90,-13.73,1.43,0.66,9.72,3744.08,1.22,192,67,-1,-2,0,7323.43,-20.69,6747.42
73809,3.75,-7.97,-13.62,1.43,0.67,9.73,3744.08,1.23,192,66,0,0,-1,7335.52,-28.91,6763.27
73977,3.75,-7.97,-13.62,1.43,0.67,9.73,3744.08,1.22,192,68,0,0,-1,7323.33,-19.23,6745.19
74187,3.76,-8.03,-13.67,1.45,0.65,9.74,3744.08,1.23,192,67,-1,-2,-1,7338.24,-26.76,6726.15
74353,3.76,-8.03,-13.67,1.45,0.65,9.74,3744.08,1.24,192,65,-1,-2,-1,7325.14,-26.99,6763.40
74566,3.76,-8.07,-13.47,1.43,0.68,9.71,3744.08,1.22,192,68,-1,-2,-1,7322.54,-25.21,6737.85
74734,3.76,-8.07,-13.47,1.43,0.68,9.71,3743.54,1.22,192,68,-1,-2,-1,7466.16,-13.22,7922.46
74944,3.75,-8.10,-13.28,1.45,0.64,9.69,3739.21,1.23,192,67,-1,-2,0,7446.00,-4.19,8919.48
75112,3.75,-8.10,-13.28,1.45,0.64,9.69,3738.94,1.23,192,66,-1,-2,0,7488.49,-11.95,8406.97
75325,3.45,-7.51,-12.87,1.41,0.82,9.54,3739.48,1.23,192,66,-88,-189,-9,7114.62,560.23,9109.24
75496,3.45,-7.51,-12.87,1.41,0.82,9.54,3738.40,1.23,192,67,-88,-189,-9,5357.45,3598.54,8769.95
75714,0.14,-0.35,-12.72,-3.87,-0.79,9.07,3739.21,1.23,192,67,52,-24,-59,6673.00,-101.63,8025.49
75883,0.14,-0.35,-12.72,-3.87,-0.79,9.07,3739.48,1.24,192,65,52,-24,-59,6850.18,-109.88,8019.24
76100,0.68,-2.19,-12.64,0.51,0.09,9.75,3738.94,1.23,192,67,-8,-15,-12,4510.95,3972.04,7685.85
76268,0.68,-2.19,-12.64,0.51,0.09,9.75,3739.21,1.25,192,64,-8,-15,-12,7003.55,-187.35,7869.78
76485,0.04,-0.40,-12.99,-0.02,0.16,9.91,3739.48,1.22,192,68,-2,48,-20,5796.84,2209.10,7720.99
76654,0.04,-0.40,-12.99,-0.02,0.16,9.91,3739.48,1.23,192,67,-2,48,-20,6353.61,1285.40,7746.73
76871,-0.04,0.05,-13.22,0.15,0.03,9.74,3739.48,1.23,192,67,1,18,3,6467.93,721.24,7838.60
77037,-0.04,0.05,-13.22,0.15,0.03,9.74,3739.48,1.22,192,68,1,18,3,6280.18,1197.51,7761.59
77250,-0.03,-0.04,-13.22,-0.06,0.02,9.89,3739.48,1.22,192,68,-1,-6,-3,6245.50,1265.46,7779.80
77421,-0.03,-0.04,-13.22,-0.06,0.02,9.89,3739.48,1.24,192,65,-1,-6,-3,5644.13,1652.60,7211.55
77638,-0.03,-0.01,-12.96,0.15,-0.02,9.82,3738.40,1.23,192,67,0,1,4,-51.07,3903.73,4798.23
77805,-0.03,-0.01,-12.96,0.15,-0.02,9.82,3739.21,1.22,192,68,0,1,4,1644.65,3903.14,4962.36
78019,0.09,0.74,-13.53,0.07,0.54,10.02,3738.40,1.23,192,66,-11,29,236,2374.23,4615.87,6560.33
78189,0.09,0.74,-13.53,0.07,0.54,10.02,3738.94,1.23,192,67,-11,29,236,2653.32,3725.18,5866.93
78406,0.15,0.86,-15.05,0.14,-0.14,10.03,3738.40,1.22,192,68,-3,28,-7,516.11,9439.17,5763.86
78574,0.15,0.86,-15.05,0.14,-0.14,10.03,3738.13,1.22,192,68,-3,28,-7,525.80,8889.27,6742.86
78787,0.20,2.95,-15.04,-0.80,0.19,9.76,3738.13,1.23,192,67,12,-120,16,2048.18,8778.96,7060.02
78957,0.20,2.95,-15.04,-0.80,0.19,9.76,3738.94,1.24,192,65,12,-120,16,5045.98,4598.04,7895.74
79174,0.18,1.29,-15.36,1.99,-0.73,9.53,3738.40,1.24,192,65,-4,27,38,4808.67,4795.75,8613.61
79342,0.18,1.29,-15.36,1.99,-0.73,9.53,3738.67,1.22,192,68,-4,27,38,5181.35,4428.52,8444.28
79555,0.24,1.43,-15.26,0.28,-0.08,9.95,3738.67,1.24,192,65,-1,-8,6,5755.69,3444.19,8271.96
79723,0.24,1.43,-15.26,0.28,-0.08,9.95,3738.94,1.24,192,65,-1,-8,6,5754.35,3476.51,7834.93
79936,0.21,1.08,-15.14,-0.09,-0.04,9.91,3738.67,1.24,192,65,-1,-7,-3,2547.54,2938.20,7356.51
80106,0.21,1.08,-15.14,-0.09,-0.04,9.91,3740.29,1.23,192,67,-1,-7,-3,4689.38,2494.74,7158.33
80319,0.15,0.79,-15.86,1.01,-0.69,10.10,3740.29,1.23,192,67,4,16,-16,5317.94,1184.16,7581.99
80488,0.15,0.79,-15.86,1.01,-0.69,10.10,3741.10,1.24,192,66,4,16,-16,6328.68,713.09,7944.27
80705,-0.03,0.63,-16.86,0.70,-0.76,10.00,3740.56,1.24,192,65,-26,-19,27,6214.43,523.56,7747.43
80875,-0.03,0.63,-16.86,0.70,-0.76,10.00,3740.56,1.22,192,68,-26,-19,27,6295.55,698.41,7806.30
81092,-0.09,0.40,-16.36,0.27,0.04,9.80,3740.56,1.24,192,65,0,8,-7,6319.19,394.32,7847.56
81258,-0.09,0.40,-16.36,0.27,0.04,9.80,3740.56,1.23,192,66,0,8,-7,6306.98,639.52,7856.55
81467,-0.06,0.27,-16.74,0.03,-0.05,9.80,3740.56,1.24,192,65,-2,-7,0,6301.69,546.95,7844.37
81633,-0.06,0.27,-16.74,0.03,-0.05,9.80,3740.56,1.23,192,66,-2,-7,0,6311.54,513.04,7870.93
81842,-0.03,0.21,-17.00,-0.01,-0.03,9.85,3740.56,1.23,192,66,0,4,-2,6307.17,573.06,7823.36
82011,-0.03,0.21,-17.00,-0.01,-0.03,9.85,3740.56,1.24,192,65,0,4,-2,6300.93,591.09,7818.38
82224,-0.02,0.14,-16.84,0.01,0.00,9.83,3740.56,1.23,192,66,-2,-2,0,6317.85,566.89,7800.49
82392,-0.02,0.14,-16.84,0.01,0.00,9.83,3740.56,1.23,192,67,-2,-2,0,6315.58,554.42,7849.76
82606,-0.01,0.10,-16.67,0.00,0.01,9.86,3740.29,1.23,192,67,-1,-2,-1,6319.85,581.67,5892.56
82775,-0.01,0.10,-16.67,0.00,0.01,9.86,3739.75,1.24,192,66,-1,-2,-1,6399.39,254.36,-2457.20
82984,-0.08,0.09,-16.90,0.27,0.09,9.86,3739.75,1.24,192,65,-104,11,-37,6251.08,827.29,-2160.83
83154,-0.08,0.09,-16.90,0.27,0.09,9.86,3740.02,1.23,192,66,-104,11,-37,6522.32,718.45,-2166.16
83372,-7.46,-1.42,-13.82,0.53,-1.35,9.65,3740.02,1.24,192,65,-385,127,-320,6478.28,1016.33,-2104.84
83543,-7.46,-1.42,-13.82,0.53,-1.35,9.65,3740.02,1.24,192,66,-385,127,-320,6563.04,1221.42,-2091.92
83760,-14.97,-3.34,-1.77,0.59,-2.84,9.34,3740.02,1.23,192,67,-219,302,-839,6910.21,831.74,-2085.45
83933,-14.97,-3.34,-1.77,0.59,-2.84,9.34,3740.02,1.23,192,66,-219,302,-839,6958.46,1169.77,-2254.71
84150,-19.50,-4.36,18.78,0.72,-3.75,8.82,3740.02,1.24,192,65,21,341,-896,6967.92,2112.17,-2150.28
84322,-19.50,-4.36,18.78,0.72,-3.75,8.82,3740.02,1.24,192,65,21,341,-896,7022.47,1222.62,-1950.15
84539,-22.20,-4.63,37.36,1.16,-4.26,8.27,3740.29,1.24,192,65,-84,355,-764,6980.63,2314.86,-2032.61
84712,-22.20,-4.63,37.36,1.16,-4.26,8.27,3740.29,1.24,192,65,-84,355,-764,6778.32,1963.09,-1821.64
84929,-22.74,-4.71,50.39,1.23,-4.52,8.57,3740.29,1.23,192,67,90,164,-404,6809.29,1722.86,-2052.83
85102,1.08,26.40,-90.33,-0.04,-0.15,9.11,3740.29,1.24,192,65,31830,-3261,-14686,6776.42,2258.24,-1911.66
85278,-178.35,-22.91,-123.99,-9.60,15.05,-1.92,3740.29,1.24,192,65,13852,-5,11299,6674.11,2441.14,-1867.75
85456,-178.54,-22.56,-119.94,-9.61,17.09,-1.91,3740.29,1.24,192,65,24715,-16,1679,6699.96,2260.03,-1995.08
85634,-178.54,-22.56,-119.94,-9.61,17.09,-1.91,3740.29,1.24,192,65,24715,-16,1679,6693.16,2390.57,-2075.08
85854,-19.78,-3.72,44.44,0.42,-3.32,9.07,3740.29,1.24,192,65,38,-24,34,6695.10,2305.63,-1995.94
86026,-19.78,-3.72,44.44,0.42,-3.32,9.07,3740.29,1.23,192,67,38,-24,34,6618.78,2204.68,-2009.20
86239,-20.03,-4.07,44.86,0.52,-2.50,9.32,3740.29,1.23,192,67,-1,43,-90,6615.49,2269.77,-2000.69
86408,-179.24,-23.04,-118.02,11.84,-5.37,-11.51,3740.29,1.23,192,67,25663,23552,7168,6616.58,1995.24,-2086.37
86584,-179.24,-23.04,-118.02,11.84,-5.37,-11.51,3740.29,1.23,192,67,25663,23552,7168,6612.50,2438.28,-1970.87
86805,-17.44,-3.56,44.66,0.61,-2.59,9.55,3740.29,1.22,192,68,-59,24,18,6591.06,2389.50,-1774.86
86974,-178.36,-22.36,-125.28,-9.68,-7.44,-1.57,3740.29,1.24,192,66,-26424,33,-3004,6598.25,2176.32,-2008.82
87149,-178.76,-21.24,-123.51,-9.70,2.52,-1.51,3740.29,1.24,192,65,3034,-28149,-1196,6598.64,2274.29,-1939.75
87326,-179.20,-19.98,-120.43,-9.75,1.59,-1.38,3740.02,1.23,192,67,31905,101,11828,6596.18,2181.26,-1984.94
87502,-179.03,-18.70,-117.98,-9.78,-16.92,-1.21,3740.02,1.23,192,67,-6709,93,9697,6591.88,2177.92,-2076.42
87680,-179.03,-18.70,-117.98,-9.78,-16.92,-1.21,3740.02,1.22,192,68,-6709,93,9697,6582.78,2162.65,-2134.40
87901,-7.79,-1.64,46.59,0.14,-0.81,9.74,3740.02,1.23,192,67,168,-38,61,6580.58,1879.84,-2234.75
88072,-7.79,-1.64,46.59,0.14,-0.81,9.74,3740.02,1.23,192,66,168,-38,61,6579.63,1874.77,-2065.68
88289,-2.77,-0.75,46.57,0.11,-0.35,10.15,3740.02,1.22,192,68,121,-18,31,6598.68,1728.09,-2220.24
88458,-2.77,-0.75,46.57,0.11,-0.35,10.15,3740.02,1.24,192,65,121,-18,31,6588.40,1845.63,-2141.48
88675,-0.24,-0.30,46.23,0.06,-0.40,9.98,3740.02,1.24,192,65,21,-1,-41,6583.31,1786.81,-2123.65
88847,159.64,0.83,57.75,0.00,9.63,-6.44,3740.02,1.23,192,