3445,0.00,0.00,0.00,0.00,0.00,0.00,0.00,1.07,192,1,0,0,0,5623.41,1772.62,7619.14
3655,-0.49,1.37,4.23,0.08,0.04,9.82,0.00,0.60,192,4,-15,-33,20,5599.76,1865.61,7562.64
3820,-0.49,1.37,4.23,0.08,0.04,9.82,0.27,-0.16,192,80,-15,-33,20,5618.68,1770.31,7520.80
4033,-0.57,1.46,9.16,-0.07,-0.06,9.59,1.08,-0.09,222,72,-11,-9,22,5648.96,1676.80,7596.60
4199,-0.57,1.46,9.16,-0.07,-0.06,9.59,1.08,-0.03,222,66,-11,-9,22,5637.56,1680.76,7634.67
4412,-0.22,1.54,13.58,0.04,0.05,9.78,1.08,-0.04,222,67,-13,-25,16,5636.18,1696.64,7648.51
4577,-0.22,1.54,13.58,0.04,0.05,9.78,1.08,-0.04,222,67,-13,-25,16,5630.60,1706.06,7669.91
4790,-0.36,1.56,17.97,0.07,0.03,9.86,1.08,-0.04,222,67,-15,-37,20,5633.00,1751.51,7662.29
4955,-0.36,1.56,17.97,0.07,0.03,9.86,1.08,-0.03,222,66,-15,-37,20,5620.81,1746.83,7657.35
5168,-0.48,1.59,21.89,0.12,0.07,9.84,1.08,-0.03,222,66,-15,-33,18,5629.28,1743.84,7643.67
5332,-0.48,1.59,21.89,0.12,0.07,9.84,2.43,-0.02,222,66,-15,-33,18,5650.50,1757.71,7717.97
5541,-0.57,1.65,25.78,0.84,-0.32,9.72,20.02,-0.05,222,69,-19,-96,22,5572.37,111.93,8227.70
5711,-0.57,1.65,25.78,0.84,-0.32,9.72,74.12,-0.05,222,69,-19,-96,22,5566.69,1243.21,8143.73
5924,0.11,1.65,28.94,-0.29,0.85,10.13,133.10,-0.07,222,71,-12,-28,22,5550.73,1407.76,8106.55
6094,0.11,1.65,28.94,-0.29,0.85,10.13,222.10,-0.05,222,69,-12,-28,22,5561.76,1363.26,8027.79
6311,0.98,1.84,32.23,0.00,0.18,9.75,300.82,-0.07,222,71,-14,-32,-2,5546.06,1451.32,8030.15
6479,0.98,1.84,32.23,0.00,0.18,9.75,403.62,-0.03,222,66,-14,-32,-2,5548.72,1768.33,7970.04
6692,0.97,1.85,34.84,0.13,0.12,9.67,489.92,-0.02,222,65,-11,-31,4,5597.82,1443.75,8032.48
6860,-179.78,-4.64,-134.05,-9.98,-17.37,0.00,576.22,-0.04,222,67,-24248,9728,12542,5583.27,1374.50,7897.88
7038,-179.78,-4.64,-134.05,-9.98,-17.37,0.00,692.01,-0.02,222,65,-24248,9728,12542,5569.18,1507.12,7870.39
7260,0.42,1.68,44.29,0.20,0.34,9.50,786.96,-0.04,222,67,-16,-34,24,5592.11,1417.73,7827.34
7428,0.42,1.68,44.29,0.20,0.34,9.50,902.20,-0.05,222,69,-16,-34,24,5575.82,1400.65,7818.67
7645,0.11,1.63,45.71,0.03,-0.03,9.53,993.37,-0.03,222,66,-10,-22,19,5561.14,1551.62,7707.16
7815,0.11,1.63,45.71,0.03,-0.03,9.53,1110.51,-0.04,222,68,-10,-22,19,5572.01,1667.22,7658.97
8032,0.17,1.67,47.08,0.09,0.05,10.27,1204.38,-0.03,222,67,-14,-33,27,5599.50,1566.49,7801.96
8205,0.17,1.67,47.08,0.09,0.05,10.27,1295.55,-0.03,222,67,-14,-33,27,5570.53,1554.96,7901.16
8366,0.17,1.67,47.08,0.09,0.05,10.27,1414.04,-0.02,222,65,-14,-33,27,5577.39,1513.55,7760.19
8583,-0.16,1.85,47.42,-0.04,-0.05,9.70,1509.26,-0.01,222,64,-18,-39,16,5577.26,1653.80,7871.63
8757,-0.16,1.85,47.42,-0.04,-0.05,9.70,1633.17,-0.03,222,67,-18,-39,16,5598.18,1622.85,7992.75
8974,-0.33,1.91,47.70,0.00,-0.22,10.28,1728.12,-0.05,222,68,-13,-27,23,5582.16,1704.12,7979.73
9147,-0.33,1.91,47.70,0.00,-0.22,10.28,1849.86,-0.02,222,65,-13,-27,23,5588.00,1544.73,7810.22
9364,-0.60,1.94,48.18,-0.07,-0.20,9.87,1946.71,-0.04,222,68,-15,-5,30,5587.15,1623.50,7777.98
9536,-0.60,1.94,48.18,-0.07,-0.20,9.87,2068.17,-0.01,222,127,-15,-5,30,5561.76,1552.59,7484.19
9750,-0.75,1.79,48.97,0.14,-0.07,9.38,2162.04,0.55,222,113,-12,-35,17,5333.77,2721.10,7453.13
9922,-0.75,1.79,48.97,0.14,-0.07,9.38,2290.27,1.20,222,48,-12,-35,17,5563.37,2200.07,7303.32
10139,-1.52,2.36,47.86,-0.76,-1.37,9.67,2402.00,1.19,222,50,-22,1,540,5527.24,1648.31,8292.59
10313,-1.52,2.36,47.86,-0.76,-1.37,9.67,2533.21,1.07,222,61,-22,1,540,5597.07,-145.74,7896.09
10530,-2.75,1.47,31.40,0.50,0.76,9.42,2632.49,1.06,222,62,6,14,825,5453.29,1057.39,7624.44
10701,-2.75,1.47,31.40,0.50,0.76,9.42,2759.10,1.06,222,63,6,14,825,5671.55,-149.02,8047.56
10918,-1.90,1.32,16.25,-0.22,0.07,10.00,2858.65,1.05,222,63,-7,-1,764,5553.49,1908.06,8132.16
11088,-1.90,1.32,16.25,-0.22,0.07,10.00,2984.71,1.06,222,62,-7,-1,764,5606.39,1195.53,7586.65
11307,-1.71,0.68,1.64,0.06,0.39,9.21,3085.89,1.03,192,65,-17,4,782,5635.85,773.89,7929.67
11476,-1.71,0.68,1.64,0.06,0.39,9.21,3207.63,1.06,192,62,-17,4,782,5641.99,828.56,7848.42
11694,-1.43,0.10,-13.63,0.33,0.01,9.68,3253.35,1.10,192,59,-24,-6,748,6637.13,-106.51,4508.78
11865,-1.43,0.10,-13.63,0.33,0.01,9.68,3262.81,1.10,192,59,-24,-6,748,6092.98,964.46,7466.18
12078,-2.01,-1.31,-23.55,0.78,-0.14,9.33,3259.30,1.10,192,58,-27,-102,104,5974.81,393.60,7747.40
12249,-2.01,-1.31,-23.55,0.78,-0.14,9.33,3258.76,1.09,192,59,-27,-102,104,5996.62,557.02,7664.11
12466,-1.80,-0.67,-22.25,-0.14,0.05,9.90,3258.49,1.10,192,58,-13,-38,8,5921.58,817.48,7676.54
12637,-1.80,-0.67,-22.25,-0.14,0.05,9.90,3258.49,1.10,192,59,-13,-38,8,5939.54,663.75,7675.17
12854,-1.62,-0.17,-21.69,0.23,0.04,9.84,3258.49,1.09,192,59,-13,-29,18,5971.73,604.34,7680.88
13023,-1.62,-0.17,-21.69,0.23,0.04,9.84,3258.49,1.09,192,59,-13,-29,18,5957.37,622.37,7657.70
13240,-1.47,0.18,-21.00,0.14,0.01,9.88,3258.49,1.09,192,59,-13,-37,19,5945.65,665.44,7673.99
13408,-1.47,0.18,-21.00,0.14,0.01,9.88,3258.49,1.09,192,59,-13,-37,19,5948.54,647.28,7683.85
13625,-1.36,0.49,-20.15,0.20,0.01,9.85,3258.49,1.09,192,59,-15,-29,18,5954.88,625.88,7677.56
13794,-1.36,0.49,-20.15,0.20,0.01,9.85,3258.49,1.07,192,61,-15,-29,18,5950.05,630.59,7681.01
14007,-1.27,0.70,-19.42,0.13,0.00,9.86,3258.49,1.09,192,59,-15,-34,19,5951.99,640.7