3445,0.00,0.00,0.00,0.00,0.00,71.07,0.00,-1.04,192,127,0,0,0,5516.11,2039.19,7490.86
3654,-0.40,1.38,3.23,0.12,0.06,9.87,0.54,-0.57,192,121,-15,-33,19,5513.68,2039.61,7517.29
3818,-0.40,1.38,3.23,0.12,0.06,9.87,0.27,0.12,222,52,-15,-33,19,5517.88,2017.23,7644.27
4031,-0.49,1.46,8.48,-0.14,-0.00,9.75,2.43,0.08,222,56,-11,-13,14,5473.02,2077.97,7803.65
4197,-0.49,1.46,8.48,-0.14,-0.00,9.75,18.94,0.02,222,61,-11,-13,14,5189.01,487.54,8050.49
4410,-0.51,1.50,12.95,0.26,0.30,9.42,57.08,-0.01,222,64,-16,-23,23,5193.60,1235.71,8227.09
4580,-0.51,1.50,12.95,0.26,0.30,9.42,128.50,0.00,222,63,-16,-23,23,5193.57,1373.91,8281.01
4793,0.61,1.70,17.13,0.09,0.62,9.86,197.21,-0.01,222,64,-16,-32,15,5224.61,1267.70,8008.72
4962,0.61,1.70,17.13,0.09,0.62,9.86,293.52,-0.02,222,65,-16,-32,15,5218.01,1312.49,7836.27
5179,0.67,1.81,20.68,0.05,0.42,9.95,376.30,-0.03,222,66,-18,-35,12,5220.40,1248.76,7739.87
5348,0.67,1.81,20.68,0.05,0.42,9.95,483.16,-0.02,222,65,-18,-35,12,5225.20,1354.46,7787.35
5561,0.64,1.70,23.75,-0.09,0.42,9.71,572.16,-0.03,222,66,-12,-20,11,5220.80,1661.73,7632.38
5730,-179.81,-3.70,-144.32,-9.99,5.18,0.05,661.71,-0.03,222,67,6523,-227,24180,5224.41,1436.21,7664.01
5905,-179.81,-3.70,-144.32,-9.99,5.18,0.05,781.28,-0.01,222,64,6523,-227,24180,5230.49,1422.47,7591.91
6126,0.14,1.63,35.95,0.17,-0.04,9.74,875.69,-0.04,222,68,-10,-29,6,5235.15,1363.42,7606.80
6297,0.14,1.63,35.95,0.17,-0.04,9.74,995.27,-0.03,222,67,-10,-29,6,5258.73,1390.12,7654.25
6514,-0.12,1.63,38.19,-0.01,-0.06,9.96,1089.68,-0.05,222,68,-18,-25,1,5222.97,1553.63,7635.66
6684,-0.12,1.63,38.19,-0.01,-0.06,9.96,1210.06,-0.05,222,68,-18,-25,1,5238.34,1673.91,7668.25
6897,-0.25,1.63,39.68,-0.08,0.03,10.14,1306.64,-0.02,222,65,-22,-29,-2,5243.10,1498.28,7731.49
7071,-0.25,1.63,39.68,-0.08,0.03,10.14,1430.54,-0.03,222,67,-22,-29,-2,5243.72,1589.39,7740.67
7288,-0.40,1.82,41.04,0.04,-0.12,9.94,1526.85,-0.02,222,66,-14,-38,-6,5225.26,1558.11,7610.66
7460,-0.40,1.82,41.04,0.04,-0.12,9.94,1650.75,-0.05,222,68,-14,-38,-6,5245.20,1632.14,7659.87
7677,-0.08,1.90,42.46,0.14,0.09,9.71,1748.14,-0.03,222,67,-16,-36,8,5223.16,1797.24,7772.97
7849,-0.08,1.90,42.46,0.14,0.09,9.71,1871.77,-0.02,222,65,-16,-36,8,5214.95,1633.53,7612.29
8067,0.08,2.00,43.80,0.12,0.14,10.02,1969.43,-0.03,222,67,-17,-25,3,5233.90,1550.48,7679.89
8236,0.08,2.00,43.80,0.12,0.14,10.02,2093.60,-0.04,222,1,-17,-25,3,5234.89,1618.79,7472.59
8453,-0.24,1.89,45.34,0.28,-0.05,9.80,2190.45,-0.57,222,15,-14,-41,-4,5594.67,263.32,7180.65
8622,-0.24,1.89,45.34,0.28,-0.05,9.80,2332.75,-1.15,222,74,-14,-41,-4,5729.65,2202.99,6637.18
8840,0.09,1.42,47.98,0.85,-0.27,9.63,2452.05,-1.15,222,74,2,-29,-510,5438.97,1983.61,7820.36
9012,0.09,1.42,47.98,0.85,-0.27,9.63,2588.39,-1.06,222,65,2,-29,-510,5380.41,1777.07,7730.59
9229,-0.02,1.82,66.07,-1.03,0.35,10.10,2693.09,-1.04,222,63,3,1,-817,5402.97,1731.11,7584.10
9398,-0.02,1.82,66.07,-1.03,0.35,10.10,2827.00,-1.06,222,65,3,1,-817,5436.60,1655.46,7690.99
9615,0.80,2.13,82.54,-0.27,0.30,9.84,2932.50,-1.08,222,66,5,-24,-778,5395.25,2057.09,7785.19
9784,0.80,2.13,82.54,-0.27,0.30,9.84,3065.06,-1.07,192,66,5,-24,-778,5412.30,1961.95,7809.17
10001,1.54,2.05,98.75,-0.07,0.23,9.70,3167.32,-1.08,192,66,4,-34,-772,5420.21,1895.53,7891.37
10171,1.54,2.05,98.75,-0.07,0.23,9.70,3231.16,-1.06,192,65,4,-34,-772,5185.62,4999.05,5904.11
10388,1.96,2.11,114.74,-4.26,-2.42,7.54,3233.60,-1.04,192,63,30,150,-687,5350.36,-148.93,7542.55
10558,1.96,2.11,114.74,-4.26,-2.42,7.54,3232.25,-1.04,192,63,30,150,-687,5684.52,749.37,7722.75
10775,0.01,2.61,116.44,0.17,0.63,9.93,3231.97,-1.04,192,63,-13,-46,64,5676.31,842.52,7828.39
10942,0.01,2.61,116.44,0.17,0.63,9.93,3231.97,-1.07,192,66,-13,-46,64,5680.75,654.30,7696.76
11151,-0.07,2.47,115.57,0.28,-0.01,9.75,3231.97,-1.05,192,64,-12,-21,5,5691.39,628.64,7659.26
11321,-0.07,2.47,115.57,0.28,-0.01,9.75,3231.97,-1.07,192,66,-12,-21,5,5697.63,668.20,7686.30
11534,-0.04,1.87,114.84,0.10,0.09,9.86,3231.97,-1.07,192,66,-16,-34,17,5696.31,669.34,7668.06
11703,-0.04,1.87,114.84,0.10,0.09,9.86,3231.97,-1.05,192,64,-16,-34,17,5700.58,657.32,7683.59
11916,-0.21,1.80,113.81,0.12,0.06,9.86,3231.97,-1.05,192,64,-15,-29,18,5703.64,639.55,7667.23
12085,-0.21,1.80,113.81,0.12,0.06,9.86,3231.97,-1.04,192,63,-15,-29,18,5697.27,649.78,7677.40
12294,-0.33,1.73,112.92,0.12,0.08,9.87,3231.97,-1.07,192,66,-15,-34,19,5687.64,676.22,7691.18
12463,-0.33,1.73,112.92,0.12,0.08,9.87,3231.97,-1.06,192,65,-15,-34,19,5692.47,687.07,7674.95
12676,-0.43,1.69,112.84,0.16,0.06,9.85,3231.97,-1.04,192,63,-15,-32,18,5696.35,648.97,7658.40
12845,-0.43,1.69,112.84,0.16,0.06,9.85,3231.97,-1.06,192,65,-15,-32,18,5690.47,657.71,7676.54
13058,-0.49,1.65,112.11,0.13,0.06,9.87,3231.97,-1.06,192,64,-15,-33,18,5684.29,661.48,7668.89
13227,-0.49,1.65,112.11,0.13,0.06,9.87,3231.97,-1.06,192,65,-15,-33,18,5691.16,664.66,7683.14
13435,-0.55,1.62,111.56,0.14,0.09,9.85,3231.97,-1.04,192,63,-14,-34,18,5684.43,670.89,7674.82
13604,-0.55,1.62,111.56,0.14,0.09,9.85,3231.97,-1.06,192,65,-14,-34,18,5703.18,669.01,7666.63
13817,-0.59,1.59,111.17,0.16,0.05,9.80,3231.97,-1.06,192,65,-15,-33,17,5680.78,669.47,7656.61
13986,-0.59,1.59,111.17,0.16,0.05,9.80,3231.97,-1.04,192,63,-15,-33,17,5696.12,651.37,7669.30
14200,-0.62,1.58,110.37,0.15,0.05,9.88,3231.97,-1.04,192,63,-15,-32,18,5692.57,662.03,7684.61
14368,-0.62,1.58,110.37,0.15,0.05,9.88,3231.97,-1.06,192,64,-15,-32,18,5692.01,674.66,7690.16
14578,-0.65,1.57,109.88,0.12,0.05,9.87,3231.97,-1.04,192,63,-14,-34,18,5698.68,674.05,76